46110
46120
46130
46140
46150
46160
46170
46180
46190
46210
46220
46230
46240
46310
46320
46330
46341
46342
46350
46360
46370
46380
46390
46410
46420
46431
46439
46440
46450
46460
46470
46480
46499
46510
46520
46530
46610
46620
46630
46640
46650
46660
46690
46711
46719
46720
46730
46740
46750
46900
10110
10130
10310
10410
10511
10512
10611
10612
10840
10850
10890
10920
13100
13200
13300
13921
13923
13960
14131
15110
16290
19200
20110
20120
20130
20140
20150
20160
20170
20200
20301
20302
20411
20412
20590
21100
22210
22290
23190
23910
23990
24100
24200
24310
24320
24330
24340
24410
24420
24430
24440
24450
24460
24510
25110
25210
25500
25990
26110
26200
26300
26511
26512
26600
27110
27200
28110
28290
28300
28990
29100
29310
30110
30300
31090
32990

